SIZE = 42,
11,51,58,50,9,102,70,29,65,56,34,176,65,32,97,118,161,18,26,21,38,139,129,93,171,163,62,55,35,37,46,71,84,41,78,70,151,35,134,101,36,
105,86,92,25,86,108,3,88,71,58,144,101,54,186,116,161,55,57,32,41,119,182,147,164,134,64,5,47,37,83,84,88,71,80,109,176,41,188,78,63,
53,61,20,103,115,65,109,62,64,30,90,24,50,71,43,43,31,20,28,60,38,92,46,49,36,113,44,36,83,136,99,34,81,91,34,48,51,141,91,
62,5,85,66,53,150,66,62,102,108,31,97,118,64,50,47,15,22,118,49,79,84,86,20,98,70,67,64,142,107,25,81,62,77,72,66,110,78,
10,86,71,59,142,59,59,74,114,20,91,107,65,42,51,17,26,93,82,59,64,97,60,80,70,62,66,137,62,15,81,38,72,54,98,104,52,
21,11,6,35,6,11,29,40,9,3,31,30,21,9,8,45,26,21,20,8,22,17,6,18,17,8,10,23,15,20,12,5,12,11,27,12,
111,97,101,75,128,34,104,29,30,174,96,108,146,48,53,186,83,46,19,120,51,87,146,124,142,146,97,59,91,71,69,108,32,142,150,
79,185,77,67,35,145,51,110,129,84,79,86,26,46,126,50,88,77,105,68,77,79,65,108,146,108,61,117,75,28,64,116,124,86,
62,66,33,144,67,45,117,95,156,35,18,15,27,113,157,91,171,139,45,12,21,30,45,60,82,38,62,87,125,33,166,67,40,
135,113,22,181,99,77,138,78,101,85,76,85,140,60,119,29,106,124,107,105,99,93,187,140,120,144,126,59,73,47,170,123,
49,56,106,16,72,83,90,46,53,18,17,101,77,31,96,71,58,74,60,46,39,130,67,60,40,47,45,46,95,105,49,
60,90,29,42,155,97,74,69,23,25,160,86,56,56,126,53,66,61,41,97,128,76,40,82,63,75,20,49,104,95,
23,81,48,41,44,62,83,32,54,53,89,63,77,48,88,180,110,136,26,29,69,99,105,66,85,176,89,28,44,
84,115,143,77,75,84,49,63,130,61,115,40,106,99,114,107,71,126,191,149,88,104,98,48,67,78,120,109,
36,46,36,23,24,47,37,58,62,28,60,62,62,48,36,43,31,90,57,50,41,42,69,34,36,62,35,
36,34,30,41,15,9,33,48,105,93,32,44,192,66,71,43,45,83,32,63,113,50,96,91,34,50,
94,127,114,26,35,185,80,48,27,165,84,90,159,147,106,133,123,54,117,59,84,135,29,178,155,
121,164,50,68,139,117,46,40,137,87,140,179,148,51,80,77,58,56,56,118,131,46,94,76,
67,14,14,155,89,23,44,159,43,61,76,46,44,124,81,39,54,35,78,34,39,136,81,
30,24,133,130,32,64,160,49,61,74,59,41,111,59,32,52,25,90,41,46,134,42,
39,43,49,21,37,45,20,32,25,13,28,41,41,21,24,30,27,29,12,31,15,
58,70,33,40,42,21,38,33,23,28,81,46,49,35,29,55,24,39,34,24,
77,54,34,164,72,119,133,158,75,143,124,69,128,57,78,159,28,142,120,
47,36,122,60,167,185,172,36,62,34,30,42,53,114,151,46,68,63,
62,49,36,186,60,52,42,85,66,42,98,111,64,73,106,59,55,
46,107,147,102,98,22,14,114,87,111,71,80,137,87,21,39,
93,124,155,126,63,124,110,82,104,61,73,163,30,123,87,
77,48,38,36,125,72,61,44,53,27,49,75,90,39,
64,53,111,94,86,60,92,150,188,41,166,90,84,
57,42,98,71,40,66,51,147,46,83,122,60,
30,97,59,37,63,47,172,45,93,121,25,
112,88,27,60,85,32,38,38,140,89,
150,105,156,130,57,103,36,161,100,
63,103,98,36,69,112,130,62,
50,39,59,54,47,72,44,
85,43,75,84,115,71,
51,53,69,96,55,
178,44,63,49,
99,102,34,
27,34,
123,
NOTE = 