SIZE = 100,
179,238,261,371,363,97,423,363,350,195,201,367,261,328,330,388,181,191,264,251,351,392,332,261,395,195,83,330,273,365,332,106,423,128,97,199,210,254,256,259,187,266,179,261,254,395,333,395,262,136,126,344,329,248,344,115,191,329,363,126,182,97,374,350,182,128,261,328,346,352,305,179,183,191,351,210,272,240,278,131,171,185,371,177,391,269,352,203,385,83,205,181,268,366,248,259,256,348,194,
268,229,403,395,187,455,395,383,131,225,399,207,364,366,420,181,225,209,194,384,424,367,221,427,138,183,366,312,397,367,179,455,191,187,134,243,216,243,203,138,211,76,243,198,427,368,427,207,191,175,378,365,207,378,168,225,365,395,175,216,187,406,383,216,174,206,364,380,385,342,100,134,113,384,243,219,182,227,201,181,91,403,212,422,215,385,134,417,176,181,187,216,398,216,203,200,381,221,
342,384,376,238,436,376,364,244,176,380,239,342,345,401,210,164,268,228,365,405,346,239,408,240,240,345,289,378,346,227,436,261,242,242,133,232,233,246,240,306,266,239,266,408,348,408,306,266,216,358,344,225,358,227,164,344,376,216,174,246,387,364,174,261,239,342,360,366,320,261,242,263,365,140,252,218,259,222,210,263,384,179,403,266,366,263,398,240,210,204,245,379,225,244,240,363,170,
447,440,266,499,440,427,256,312,444,300,408,410,464,282,312,229,273,428,468,411,309,471,260,262,410,363,441,411,269,499,269,266,258,324,306,324,254,260,175,232,324,232,471,413,471,175,269,278,422,409,300,422,269,312,409,440,278,306,266,450,427,306,254,273,408,424,429,388,238,258,235,428,324,300,282,286,275,282,235,447,303,467,232,429,235,461,260,282,286,306,442,306,256,260,426,309,
292,367,217,123,153,411,414,196,448,194,189,145,404,406,450,442,185,155,187,448,165,411,369,189,272,189,187,371,217,365,367,413,378,445,445,447,407,451,403,448,444,165,184,165,449,365,378,168,192,441,168,378,372,192,168,378,378,367,88,153,403,374,448,194,164,148,229,403,405,409,190,369,456,436,460,360,398,406,168,365,185,453,222,415,168,373,416,404,452,127,441,447,445,159,410,
359,317,304,309,403,406,343,441,297,307,314,397,399,443,435,336,296,307,441,271,403,361,300,261,338,261,363,339,357,359,405,371,437,438,440,400,443,395,441,436,264,292,314,441,357,370,296,338,433,260,370,365,297,255,371,370,359,294,304,395,366,441,261,307,304,304,395,398,401,339,361,448,429,453,351,391,398,255,356,336,446,205,408,255,365,409,397,445,309,433,440,438,307,403,
419,359,345,203,209,364,268,323,326,384,189,194,270,257,346,388,327,268,391,203,83,326,269,361,327,106,419,128,79,206,210,261,262,266,195,271,187,268,261,391,328,391,269,136,130,339,325,254,339,130,191,325,359,132,182,95,370,345,186,128,268,323,341,347,300,187,191,199,346,210,277,247,282,120,177,193,367,177,387,274,347,211,381,110,212,189,272,362,254,266,262,343,201,
230,251,463,466,223,500,280,277,184,456,458,502,494,250,178,276,500,184,463,421,277,334,228,276,423,147,417,419,465,430,496,497,499,459,503,455,500,496,195,274,172,501,417,429,260,278,492,260,429,424,278,230,430,429,419,212,251,454,426,500,280,257,248,303,455,457,461,250,421,508,488,512,412,450,458,217,416,180,505,256,467,206,425,468,456,504,226,492,499,497,254,462,
134,403,406,178,441,178,174,167,397,399,443,435,166,173,173,441,178,403,361,174,261,171,179,363,230,357,359,405,371,437,438,440,400,443,395,441,436,178,171,178,441,357,370,146,176,433,181,370,365,176,186,371,370,359,130,134,395,366,441,179,141,130,216,395,398,401,172,361,448,429,453,351,391,398,186,356,171,446,239,408,186,365,409,397,445,90,433,440,438,138,403,
391,394,171,429,152,145,189,385,387,431,423,159,196,142,429,203,391,348,145,240,163,186,350,251,343,345,393,358,425,426,427,387,431,383,429,424,203,140,203,429,343,357,122,163,421,188,357,351,149,193,358,357,345,161,90,383,353,429,186,95,90,193,383,386,389,165,348,436,417,441,337,379,386,193,342,194,434,245,396,193,352,397,385,432,139,421,427,426,82,391,
198,407,190,372,374,428,145,198,194,178,392,432,375,193,435,79,199,374,321,405,375,195,463,207,203,83,216,188,216,187,97,201,128,216,181,435,376,435,201,207,182,386,373,178,386,182,198,373,403,180,188,203,414,391,188,189,190,372,388,393,351,126,110,125,392,216,205,168,213,215,145,125,411,208,431,200,393,125,425,191,145,156,198,406,188,187,183,390,193,
411,183,375,377,431,161,123,225,173,395,435,378,183,438,193,205,377,325,408,378,201,466,216,209,195,187,176,177,200,193,272,222,183,222,438,380,438,272,222,188,389,376,170,389,188,199,376,406,187,188,209,417,394,133,216,183,375,391,396,354,216,195,219,395,205,199,161,207,221,161,219,414,213,434,222,396,219,428,198,161,150,191,409,170,198,193,393,97,
445,189,181,163,401,403,447,439,141,190,179,445,225,407,365,185,268,90,239,367,223,361,364,409,375,441,442,444,404,447,399,445,440,236,196,172,446,361,374,191,184,437,241,374,369,189,246,375,374,364,193,178,399,371,445,239,174,178,223,399,402,405,141,365,452,433,457,356,395,402,246,361,163,450,287,412,246,369,413,401,449,171,437,444,442,174,407,
409,411,466,203,199,207,149,429,469,413,115,472,190,264,411,364,442,413,261,500,270,268,186,248,99,147,180,198,260,206,147,204,472,414,472,260,270,250,423,410,123,423,250,259,410,441,249,250,268,451,429,206,256,149,409,425,430,390,206,201,201,429,264,123,134,134,276,214,201,448,271,468,204,430,201,462,258,179,203,99,443,123,178,174,427,191,
118,225,365,367,411,403,177,231,118,409,237,372,326,85,206,181,168,328,280,321,323,374,336,405,406,408,368,412,364,409,405,237,102,237,410,321,335,138,181,401,170,335,329,74,178,336,335,323,199,152,363,331,409,168,142,157,153,364,366,370,183,326,417,397,421,315,359,367,194,320,229,414,229,376,219,330,377,365,413,183,401,408,406,147,371,
221,367,369,413,405,162,227,74,411,233,374,328,105,210,177,183,330,277,323,326,376,339,408,408,410,370,414,366,411,407,233,125,233,412,323,338,133,166,404,185,338,332,118,190,338,338,326,195,145,366,334,411,183,137,151,159,366,368,372,168,328,419,399,423,318,361,369,190,323,225,416,242,378,215,333,379,367,415,179,404,410,408,141,373,
421,424,467,460,188,129,219,466,179,428,386,221,293,164,219,388,184,382,384,430,396,462,462,464,424,468,420,466,461,190,217,117,466,382,395,200,223,458,200,395,389,223,201,395,395,384,139,189,420,391,466,225,197,185,259,420,422,426,188,386,473,454,478,377,415,423,201,382,145,471,252,432,201,390,433,421,469,161,458,464,462,193,427,
161,207,191,385,425,369,203,428,137,185,367,314,398,369,181,456,194,189,141,180,196,197,201,137,235,178,203,195,428,370,428,235,194,170,379,366,188,379,170,179,366,397,169,170,189,407,385,144,176,203,365,381,386,343,171,141,174,385,185,217,179,224,203,111,174,404,195,424,212,386,174,418,178,134,87,210,399,188,201,197,383,153,
225,187,387,427,371,199,430,193,193,369,316,400,371,186,458,216,195,195,172,191,193,200,193,272,222,199,222,430,372,430,272,222,174,381,368,183,381,179,183,368,399,173,174,200,409,387,99,216,199,367,383,388,346,216,195,219,387,190,213,176,221,207,161,219,406,199,426,222,388,219,420,193,161,150,206,401,183,198,193,385,97,
168,431,471,415,221,474,194,268,413,366,444,415,264,502,273,270,190,252,216,243,129,201,171,209,243,113,474,416,474,171,273,253,425,412,207,425,253,262,412,443,252,253,270,453,431,216,259,168,411,427,432,391,209,205,198,431,268,207,181,187,278,217,203,450,273,470,91,432,185,464,261,183,207,216,445,216,131,138,429,221,
423,463,407,168,466,178,254,405,357,436,407,251,494,261,257,175,238,164,193,128,185,223,194,193,165,466,408,466,223,261,240,417,404,149,417,240,249,404,435,238,240,257,445,423,195,245,111,403,419,424,384,194,189,181,423,254,149,111,148,269,203,188,442,262,462,165,424,171,456,247,169,191,164,437,164,126,122,421,179,
195,162,429,215,392,348,174,241,136,229,351,250,344,346,394,359,425,426,428,388,432,384,429,425,225,185,201,430,344,358,179,151,421,230,358,352,177,235,359,358,346,182,166,383,354,429,229,162,166,195,384,386,390,85,348,437,417,441,338,379,387,235,343,192,434,279,396,235,353,397,385,433,159,421,428,426,162,391,
225,469,145,432,390,227,297,183,225,392,184,386,388,434,399,465,466,468,428,472,424,469,465,163,223,129,470,386,398,206,229,461,206,398,393,229,174,399,398,388,148,196,423,395,469,231,203,192,265,424,426,430,195,390,477,457,481,381,419,427,174,385,179,474,227,436,174,394,437,425,473,169,461,468,466,200,431,
413,231,375,329,105,212,175,183,332,276,325,327,377,340,409,409,411,371,415,367,413,408,231,125,231,413,325,339,131,166,405,185,339,333,118,190,340,339,327,192,142,367,335,413,183,135,147,163,367,369,373,168,329,420,401,425,319,363,370,190,324,223,418,242,380,213,334,380,369,416,177,405,411,409,138,375,
472,190,264,411,364,442,413,261,500,270,268,191,248,97,126,195,198,269,218,126,218,472,414,472,269,270,250,423,410,123,423,250,259,410,441,249,250,268,451,429,206,256,168,409,425,430,390,212,201,215,429,264,123,153,141,276,214,215,448,271,468,218,430,215,462,258,179,203,97,443,123,193,189,427,191,
435,393,233,301,219,231,395,220,389,391,437,402,468,469,471,431,475,427,472,468,104,229,179,473,389,402,212,235,465,212,402,396,235,178,402,402,391,158,203,427,398,472,237,209,199,270,427,429,433,220,393,480,460,484,384,422,430,165,389,215,477,199,439,130,397,440,428,476,174,465,471,469,206,434,
199,374,321,405,375,195,463,207,203,83,212,184,212,187,97,205,132,212,181,435,376,435,205,207,182,386,373,175,386,182,193,373,403,180,184,203,414,391,184,189,190,372,388,393,351,126,110,129,392,212,205,168,213,215,137,129,411,208,431,200,393,129,425,191,137,148,198,406,184,187,183,390,189,
328,271,363,329,114,421,126,83,203,212,258,259,262,191,269,183,264,257,393,331,393,266,132,128,342,327,251,342,126,193,327,361,128,184,87,372,348,184,126,264,326,344,350,302,183,187,195,348,212,275,244,280,127,174,189,369,179,389,271,350,207,383,97,209,185,270,364,251,262,259,346,198,
210,178,172,330,277,323,326,376,339,408,408,410,370,414,366,411,407,233,105,233,412,323,338,133,178,404,173,338,332,77,179,338,338,326,195,145,366,334,411,172,137,151,159,366,368,372,179,328,419,399,423,318,361,369,189,323,225,416,232,378,215,333,379,367,415,179,404,410,408,141,373,
263,212,273,334,265,269,324,282,359,360,363,317,366,312,364,359,301,214,301,364,265,281,231,235,355,231,281,275,208,261,282,281,269,275,240,311,277,364,206,234,243,182,312,315,319,241,271,371,350,376,257,306,316,272,265,296,369,243,326,289,276,327,314,368,265,355,363,360,237,321,
233,365,228,358,361,407,372,438,439,441,401,445,397,442,438,229,189,176,443,358,371,184,179,434,234,371,366,181,239,372,371,361,186,171,396,368,442,233,166,171,218,397,399,403,136,363,450,430,454,353,392,400,239,358,169,447,282,409,239,367,410,398,446,163,434,441,439,166,404,
332,276,325,327,377,340,409,409,411,371,415,367,413,408,231,160,231,413,325,339,166,233,405,131,339,333,168,173,340,339,327,192,179,367,335,413,94,183,179,179,367,369,373,234,329,420,401,425,319,363,370,187,324,229,418,177,380,213,334,380,369,416,186,405,411,409,183,375,
423,146,118,199,199,254,256,259,187,266,179,261,254,395,333,395,262,158,115,344,329,248,344,115,179,329,363,119,170,122,374,350,178,146,261,328,346,352,305,179,183,191,351,199,272,240,278,131,171,185,371,165,391,269,352,203,385,114,205,181,268,366,248,259,256,348,194,
417,419,465,430,496,497,499,459,503,455,500,496,230,274,172,501,417,429,260,278,492,260,429,424,278,241,430,429,419,212,251,454,426,500,280,257,248,303,455,457,461,250,421,508,488,512,412,450,458,241,416,180,505,283,467,241,425,468,456,504,226,492,499,497,254,462,
124,211,234,265,266,269,200,274,191,270,264,389,326,389,271,88,165,337,322,258,337,146,216,322,357,165,207,120,368,343,207,128,270,321,339,345,297,191,196,203,344,234,280,251,285,157,182,198,365,203,384,277,345,215,379,126,216,194,275,359,258,269,266,341,212,
206,214,261,262,266,195,271,187,268,261,391,328,391,269,130,130,339,325,254,339,130,195,325,359,132,186,79,370,345,186,124,268,323,341,347,300,187,191,199,346,214,277,247,282,124,177,193,367,181,387,274,347,211,381,110,212,189,272,362,254,266,262,343,201,
214,186,214,183,110,203,130,214,177,437,378,437,203,211,186,388,375,176,388,186,197,375,405,185,186,206,416,393,186,193,186,374,390,395,353,130,123,127,394,214,201,164,209,219,141,127,413,211,432,196,395,127,427,195,141,152,194,408,186,183,179,391,191,
242,243,246,212,285,240,248,241,402,341,402,285,240,186,352,337,235,352,199,122,337,371,186,131,218,381,358,166,234,248,336,354,360,314,234,214,237,359,128,262,228,269,193,180,237,378,139,398,257,360,237,392,212,191,174,255,373,235,246,243,356,179,
131,190,190,266,213,131,213,468,410,468,266,265,243,419,406,99,419,243,252,406,437,242,243,261,447,425,199,249,164,405,421,427,386,207,194,210,425,258,133,144,142,271,207,210,445,266,464,213,427,210,458,251,173,196,123,439,97,188,184,423,183,
218,212,285,240,91,240,469,411,469,285,266,245,420,407,147,420,245,254,407,438,243,245,262,448,426,201,250,193,406,422,427,386,234,214,237,426,259,147,180,174,272,209,237,445,267,465,240,427,237,459,252,180,197,131,440,131,216,212,424,185,
195,199,203,218,126,471,413,471,199,269,248,422,409,180,422,248,257,409,440,247,248,266,450,427,204,254,128,408,424,429,388,203,199,191,428,262,180,148,160,275,212,198,447,269,467,126,429,179,461,256,177,201,190,442,190,70,87,426,195,
205,132,212,189,431,373,431,205,200,175,382,369,182,382,175,193,369,400,174,184,195,410,387,184,181,198,368,384,389,346,126,83,129,388,212,212,174,219,208,137,129,407,200,427,207,389,129,421,183,137,148,205,402,184,195,191,386,189,
211,285,175,475,416,475,83,274,255,426,413,260,426,255,272,413,443,253,266,271,454,431,266,261,223,412,428,433,392,211,206,199,432,285,260,235,241,279,235,205,451,274,471,175,433,187,465,262,235,241,266,446,266,201,205,430,269,
240,198,427,368,427,207,191,171,378,365,204,378,168,222,365,395,171,213,187,406,383,213,174,206,364,380,385,342,88,130,113,384,240,219,182,227,201,178,91,403,209,422,215,385,134,417,176,178,184,213,398,213,203,200,381,218,
240,472,414,472,285,270,250,423,410,147,423,250,259,410,441,249,250,268,451,429,206,256,193,409,425,430,390,234,214,237,429,264,147,180,174,276,214,237,448,271,468,240,430,237,462,258,180,203,131,443,131,216,212,427,191,
468,409,468,175,264,243,419,406,204,419,243,252,406,436,241,243,261,447,424,213,248,165,405,421,426,385,198,193,185,425,257,204,178,184,271,206,191,444,265,464,128,426,174,458,250,178,195,213,439,213,128,132,423,218,
229,190,473,389,402,212,235,465,212,402,396,235,178,402,402,391,160,203,427,398,472,237,209,199,270,427,429,433,230,393,480,460,484,384,422,430,165,389,225,477,199,439,130,397,440,428,476,182,465,471,469,206,434,
229,415,326,340,129,189,406,162,340,334,94,171,341,340,328,190,140,368,336,414,160,132,144,166,368,371,374,191,331,421,402,426,321,364,371,184,326,221,419,222,381,211,335,382,370,418,175,406,413,411,136,376,
473,389,402,212,235,465,212,402,396,235,201,402,402,391,158,203,427,398,472,237,209,199,270,427,429,433,201,393,480,460,484,384,422,430,201,389,145,477,252,439,201,397,440,428,476,174,465,471,469,206,434,
271,251,424,411,260,424,251,272,411,441,250,266,269,452,429,266,257,223,410,426,431,390,207,203,195,430,285,260,235,241,277,235,201,449,272,469,175,431,183,463,259,235,241,266,444,266,201,205,428,269,
171,337,322,258,337,158,222,322,357,171,213,126,368,343,213,128,270,321,339,345,297,191,196,203,344,240,280,251,285,165,182,198,365,209,384,277,345,215,379,132,216,194,275,359,258,269,266,341,218,
351,336,236,351,109,167,336,370,70,155,137,380,357,168,165,250,335,353,359,313,168,172,178,358,186,263,229,270,146,156,173,378,146,397,259,359,191,391,128,193,170,257,372,236,248,245,355,180,
184,415,168,351,345,136,173,352,351,339,172,110,377,347,423,166,119,119,182,378,380,384,185,342,431,411,435,331,373,381,173,336,204,428,227,390,193,346,391,379,427,154,415,422,420,119,385,
403,234,336,330,181,239,337,336,325,197,171,364,332,410,233,166,171,171,365,367,371,151,327,418,398,422,317,360,368,239,322,227,415,282,377,239,331,378,366,414,181,403,409,407,166,372,
415,236,246,403,433,235,236,254,443,421,191,242,149,401,417,423,382,198,186,201,421,251,141,129,153,266,200,201,441,259,460,204,423,201,454,244,167,188,133,435,99,178,174,419,176,
351,345,170,146,352,351,339,172,181,377,347,423,138,185,181,182,378,380,384,235,342,431,411,435,331,373,381,168,336,230,428,176,390,193,346,391,379,427,188,415,422,420,185,385,
179,336,370,109,170,130,380,357,170,146,250,335,353,359,313,168,172,178,358,199,263,229,270,146,156,173,378,165,397,259,359,191,391,114,193,170,257,372,236,248,245,355,180,
330,365,167,107,200,375,351,176,216,259,329,347,353,306,216,195,219,352,122,271,238,276,173,169,219,372,122,392,268,353,219,386,193,203,179,266,367,246,257,254,349,191,
176,337,336,325,197,149,364,333,410,168,139,154,156,365,367,371,183,327,418,398,422,317,360,368,192,322,227,415,229,377,217,331,378,366,414,181,403,409,407,143,372,
371,370,359,171,186,395,366,441,178,190,186,216,395,398,401,241,361,448,429,453,351,391,398,123,356,236,446,170,408,158,365,409,397,445,193,433,440,438,190,403,
155,137,381,358,167,165,249,336,354,360,313,167,171,177,359,186,262,228,269,148,154,172,378,146,398,257,360,189,392,128,191,169,255,373,235,247,243,356,179,
190,380,357,168,207,250,335,353,359,313,207,186,210,358,131,263,229,270,164,156,210,378,136,397,259,359,210,391,184,193,170,257,372,236,248,245,355,180,
370,345,190,120,268,323,341,347,300,187,191,199,346,218,277,247,282,128,177,193,367,185,387,274,347,211,381,110,212,189,272,362,254,266,262,343,201,
161,405,377,451,199,169,156,234,406,408,412,188,372,459,439,463,363,401,409,171,367,182,456,224,418,171,376,419,407,455,125,443,450,448,166,413,
383,353,429,179,95,82,193,383,386,389,172,348,436,417,441,337,379,386,186,342,194,434,239,396,186,352,397,385,432,139,421,427,426,82,391,
207,206,363,379,385,341,207,186,210,383,182,220,183,227,200,144,210,403,191,422,215,385,210,416,184,144,132,213,397,191,204,201,381,123,
256,331,349,355,308,174,177,185,354,234,269,235,274,157,171,179,374,203,394,264,355,198,388,126,200,177,262,369,242,254,250,351,212,
409,425,430,390,206,201,194,429,264,149,134,134,276,214,200,448,271,468,165,430,181,462,258,179,203,164,443,164,126,122,427,191,
183,179,179,364,366,370,234,326,417,397,421,315,359,367,194,320,229,414,177,376,219,330,377,365,413,186,401,408,406,183,371,
107,186,380,382,386,168,344,433,413,437,333,375,383,190,338,201,430,242,392,190,348,393,381,429,149,417,424,422,82,387,
197,385,387,391,172,350,438,418,442,340,380,388,186,344,190,435,239,397,186,354,398,386,434,136,423,429,427,95,392,
342,344,349,195,302,397,378,402,292,336,345,229,297,263,395,239,356,253,307,357,343,393,220,382,388,386,190,350,
124,113,384,234,219,182,227,201,171,91,403,203,422,215,385,134,417,176,171,177,213,398,207,203,200,381,212,
127,386,214,215,177,223,205,141,127,405,197,425,211,387,130,419,179,141,152,209,400,186,199,195,384,191,
390,237,209,174,216,212,174,91,409,206,429,203,391,113,423,187,174,181,210,404,210,191,187,388,215,
348,437,417,441,338,379,387,241,343,192,434,283,396,241,353,397,385,433,165,421,428,426,168,391,
275,244,280,193,180,237,369,139,389,271,350,237,383,212,209,185,270,364,251,262,259,346,198,
153,123,286,227,214,456,280,476,204,438,201,470,270,195,217,99,451,141,178,174,435,206,
166,259,191,176,436,252,456,178,418,174,450,237,154,179,144,431,144,145,137,415,169,
291,235,221,460,285,480,184,442,205,474,275,203,224,132,455,153,156,148,439,214,
191,206,360,158,380,282,340,223,374,135,224,203,281,354,266,275,272,335,214,
174,398,182,418,223,380,174,412,168,148,111,221,393,200,212,208,377,153,
406,206,426,209,388,128,420,181,174,181,210,401,210,198,194,385,215,
365,236,453,170,415,137,373,416,404,452,193,441,447,445,190,410,
384,277,344,215,378,179,217,195,276,359,259,269,267,340,206,
473,279,435,236,392,436,424,472,167,460,467,465,197,430,
435,191,467,266,189,212,213,448,213,128,132,432,218,
397,178,354,398,386,434,245,423,429,427,242,392,
429,200,174,181,210,410,210,179,176,394,215,
387,430,418,466,193,454,461,459,190,424,
202,178,264,368,244,256,252,350,190,
134,187,411,167,177,174,395,153,
210,399,188,201,197,383,141,
447,133,188,184,431,199,
435,442,440,143,405,
188,184,419,176,
83,426,193,
424,189,
389,
NOTE = This is a custom city set reduced from AISearchfile535.txt