SIZE = 50,
3500,9000,30,30,3500,3500,9000,9000,9000,3500,3500,30,9000,30,30,3500,30,9000,3500,30,10000,9000,9000,9000,10000,9000,3500,30,9000,3500,9000,3500,9000,9000,30,30,3500,9000,30,3500,3500,3500,9000,9000,9000,30,30,30,9000,
9000,3500,30,9000,30,3500,30,9000,30,30,9000,9000,3500,3500,30,9000,30,3500,30,3500,10000,9000,30,3500,3500,10000,30,3500,9000,3500,3500,3500,30,9000,30,3500,3500,9000,9000,3500,10000,3500,3500,10000,3500,30,3500,9000,
3500,30,30,30,10000,30,10000,30,30,9000,3500,3500,3500,9000,3500,30,9000,30,9000,3500,9000,9000,9000,3500,3500,9000,0,9000,9000,30,3500,9000,9000,30,3500,10000,9000,9000,9000,3500,3500,10000,3500,3500,30,3500,9000,
30,3500,3500,9000,3500,3500,3500,3500,10000,3500,10000,3500,9000,9000,3500,3500,30,30,9000,30,9000,30,10000,3500,30,3500,30,9000,9000,3500,9000,3500,30,30,9000,10000,9000,9000,3500,3500,3500,9000,3500,30,3500,3500,
30,30,30,30,30,30,30,30,30,30,30,30,30,30,30,10000,30,30,30,30,30,30,30,30,30,30,30,30,30,30,30,10000,10000,30,30,30,30,30,30,30,30,30,10000,30,30,
10000,9000,3500,30,10000,10000,3500,3500,3500,9000,3500,3500,3500,9000,30,3500,9000,3500,10000,3500,9000,9000,9000,30,9000,9000,30,3500,0,9000,30,9000,9000,3500,3500,3500,9000,3500,30,9000,9000,30,9000,3500,
9000,9000,30,20,10000,9000,9000,3500,9000,9000,3500,9000,3500,30,3500,30,3500,10000,3500,3500,9000,30,30,3500,9000,30,9000,10000,3500,30,9000,9000,9000,9000,9000,9000,9000,30,30,9000,30,9000,3500,
30,10000,9000,9000,3500,3500,9000,9000,3500,9000,30,30,30,9000,3500,9000,9000,9000,3500,9000,3500,10000,30,9000,9000,3500,9000,3500,30,9000,20,3500,30,30,9000,3500,10000,3500,9000,30,9000,9000,
30,9000,9000,9000,3500,3500,9000,30,9000,10000,9000,30,9000,9000,3500,3500,9000,3500,30,9000,9000,3500,3500,3500,9000,3500,3500,30,9000,30,9000,9000,3500,30,9000,9000,9000,9000,30,9000,3500,
30,30,9000,3500,3500,3500,9000,3500,30,9000,30,9000,3500,9000,9000,9000,3500,3500,9000,10000,9000,9000,30,3500,9000,9000,30,3500,10000,9000,9000,9000,3500,3500,10000,3500,3500,30,3500,9000,
10000,9000,9000,3500,9000,9000,3500,9000,3500,30,3500,30,3500,10000,3500,3500,9000,30,30,3500,9000,30,9000,10000,3500,30,9000,9000,9000,9000,9000,9000,9000,30,30,9000,30,9000,3500,
9000,9000,3500,9000,9000,3500,9000,3500,30,3500,30,3500,10000,3500,3500,9000,30,30,3500,9000,30,9000,10000,3500,30,9000,9000,9000,9000,9000,9000,9000,30,30,9000,30,9000,3500,
3500,10000,9000,30,3500,9000,3500,30,30,3500,9000,3500,30,10000,3500,30,3500,9000,30,9000,9000,3500,9000,30,9000,3500,20,9000,3500,3500,9000,3500,3500,9000,30,9000,9000,
3500,9000,9000,10000,3500,3500,30,9000,30,30,3500,9000,9000,30,3500,9000,9000,30,30,30,3500,10000,30,9000,3500,3500,30,9000,30,30,9000,30,9000,30,9000,3500,
3500,9000,9000,3500,3500,30,30,9000,30,9000,30,10000,3500,30,3500,30,9000,9000,3500,9000,3500,30,30,9000,10000,9000,9000,3500,3500,3500,9000,3500,30,3500,3500,
9000,30,9000,30,30,30,3500,3500,9000,30,3500,9000,3500,3500,3500,9000,3500,9000,9000,30,30,9000,9000,9000,9000,9000,9000,9000,3500,3500,10000,30,20,30,
3500,30,9000,30,3500,9000,9000,3500,3500,30,30,9000,3500,3500,30,9000,3500,3500,3500,30,9000,3500,30,3500,9000,30,3500,3500,9000,9000,30,9000,9000,
9000,9000,30,30,30,30,9000,30,3500,30,9000,3500,9000,9000,9000,9000,9000,10000,30,3500,9000,3500,30,3500,30,9000,3500,30,30,30,30,3500,
9000,30,9000,9000,3500,3500,9000,3500,30,9000,9000,3500,3500,3500,9000,3500,3500,30,9000,30,9000,9000,3500,30,9000,9000,9000,9000,30,9000,3500,
30,3500,3500,9000,3500,3500,9000,9000,9000,30,30,3500,3500,9000,3500,3500,30,3500,30,3500,30,10000,9000,9000,30,3500,30,30,30,10000,
30,30,30,30,30,30,30,30,30,30,30,30,30,30,30,10000,0,30,30,30,30,30,30,30,30,30,10000,30,30,
9000,9000,9000,20,9000,3500,30,9000,3500,9000,3500,9000,9000,30,30,3500,9000,30,3500,3500,3500,9000,9000,9000,30,30,30,9000,
30,30,9000,3500,10000,30,9000,9000,3500,9000,9000,30,9000,30,3500,3500,3500,30,9000,10000,9000,9000,10000,3500,30,3500,3500,
9000,9000,30,30,9000,9000,10000,9000,3500,3500,9000,9000,30,30,9000,9000,10000,9000,30,3500,9000,30,3500,30,3500,9000,
9000,3500,9000,30,9000,3500,9000,9000,3500,10000,3500,30,9000,9000,3500,3500,3500,9000,3500,9000,30,9000,30,9000,9000,
9000,3500,30,9000,3500,9000,3500,9000,9000,30,30,3500,9000,30,3500,3500,3500,9000,9000,9000,30,30,30,9000,
9000,9000,9000,30,30,9000,3500,3500,3500,30,30,3500,10000,9000,3500,9000,3500,9000,3500,3500,30,3500,3500,
9000,3500,9000,9000,3500,3500,9000,9000,30,9000,9000,3500,30,3500,10000,3500,3500,10000,9000,30,9000,3500,
3500,3500,3500,3500,9000,30,3500,30,3500,3500,30,3500,9000,9000,9000,3500,30,3500,30,3500,9000,
30,9000,30,9000,9000,3500,30,3500,10000,3500,30,30,3500,9000,20,9000,3500,30,3500,9000,
3500,3500,3500,3500,9000,30,30,30,9000,10000,30,9000,3500,30,9000,3500,30,3500,9000,
10000,30,9000,30,30,9000,9000,30,3500,3500,9000,30,9000,3500,9000,30,9000,9000,
30,9000,30,30,3500,9000,9000,9000,9000,3500,30,30,9000,3500,30,3500,3500,
3500,30,30,9000,3500,9000,9000,30,3500,20,9000,9000,9000,30,9000,30,
3500,30,9000,9000,3500,3500,3500,9000,3500,9000,30,9000,30,9000,9000,
30,3500,3500,9000,9000,3500,9000,30,3500,9000,30,30,30,9000,
10000,30,30,30,30,30,30,30,30,30,10000,30,30,
9000,9000,9000,9000,9000,9000,3500,3500,9000,10000,9000,3500,
3500,30,30,9000,3500,0,3500,9000,30,9000,9000,
9000,3500,3500,9000,3500,3500,9000,30,9000,9000,
30,30,9000,30,30,9000,30,9000,9000,
3500,30,30,9000,9000,30,9000,10000,
3500,3500,10000,9000,30,9000,3500,
9000,9000,9000,30,9000,30,
9000,3500,30,3500,9000,
3500,30,3500,3500,
30,10000,30,
30,30,
30,
NOTE = This is a custom city set reduced from AISearchfile180.txt