SIZE = 50,
279,266,189,125,300,266,256,279,241,154,211,218,320,248,304,128,274,320,261,138,241,278,279,279,224,218,189,149,311,320,234,296,261,261,320,218,207,99,320,149,278,320,279,304,224,261,256,279,320,
345,316,294,165,294,294,256,359,307,307,345,303,263,279,284,279,310,191,288,359,384,279,319,307,345,294,270,345,222,345,359,283,299,197,345,327,279,273,294,384,338,289,345,345,193,359,152,324,
311,256,345,196,196,345,296,245,179,319,378,240,218,278,218,378,329,283,333,282,345,345,177,304,202,234,189,378,149,167,329,329,378,311,322,259,378,234,187,378,345,177,167,329,127,345,378,
202,343,311,304,227,289,220,273,272,277,299,347,187,319,277,270,179,289,320,227,227,282,272,256,224,354,277,289,340,202,202,277,272,150,198,277,224,321,277,227,347,282,269,304,293,277,
294,256,245,294,220,121,199,213,333,238,296,141,266,333,276,154,234,262,294,294,213,196,177,143,304,333,224,289,276,276,333,202,218,125,333,134,269,333,294,296,213,276,245,294,333,
294,294,288,359,307,307,350,330,263,279,311,279,337,234,317,364,384,308,346,307,345,294,278,345,263,345,359,312,327,240,345,354,295,301,294,384,365,318,345,345,236,359,202,351,
113,294,296,245,179,319,333,162,177,278,125,333,276,283,333,282,294,314,167,304,202,234,196,333,196,220,278,294,333,311,322,259,333,234,262,334,294,196,196,276,220,294,333,
294,289,234,169,311,333,162,189,270,134,333,276,276,326,274,294,307,149,296,189,224,202,333,196,220,276,286,333,304,315,248,333,224,262,333,294,196,196,276,220,294,333,
359,307,307,345,187,263,292,284,279,199,187,279,359,384,143,213,307,345,294,270,345,177,345,359,152,180,181,345,263,279,177,294,384,243,167,345,345,185,359,222,222,
202,253,149,391,284,333,234,304,391,344,241,177,162,359,359,266,127,234,253,340,391,274,326,344,344,391,134,262,241,391,220,306,391,359,333,266,344,289,359,391,
187,223,345,227,289,158,256,345,289,170,245,246,307,307,202,202,167,170,296,345,213,282,289,289,345,213,229,154,345,121,259,345,307,289,202,289,234,307,345,
280,345,181,236,227,192,345,289,235,295,246,307,307,121,264,132,175,247,345,177,226,289,289,345,273,284,203,345,175,246,345,307,236,177,289,202,307,345,
378,306,354,211,326,378,329,218,134,187,345,345,289,134,266,234,361,378,296,347,329,329,378,113,240,218,378,234,328,378,345,354,289,329,311,345,378,
304,334,324,320,113,252,320,391,416,177,177,345,378,333,312,378,224,378,391,204,204,247,378,304,320,167,333,416,177,177,378,378,250,391,279,149,
198,264,143,304,239,271,321,294,263,302,181,291,181,216,240,304,240,262,265,282,304,299,310,241,304,216,294,322,272,240,240,239,262,263,308,
315,167,341,261,321,367,319,312,349,224,340,256,282,218,320,218,241,315,330,320,347,357,299,320,282,278,368,321,218,224,261,241,279,355,
285,324,266,103,234,273,284,284,240,211,207,172,322,324,250,308,266,266,324,211,189,137,324,172,288,324,284,315,240,266,270,284,324,
320,261,291,340,289,282,321,177,311,213,245,218,320,218,241,285,301,320,319,329,269,320,245,278,341,292,218,218,261,241,279,327,
262,320,391,416,177,177,345,378,333,312,378,234,378,391,204,204,257,378,304,320,177,333,416,167,177,378,378,261,391,286,134,
261,344,370,218,273,289,329,276,249,329,204,329,344,224,246,204,329,281,261,209,276,370,294,232,329,329,71,344,150,279,
241,278,279,279,248,218,216,180,328,320,258,313,261,261,320,218,179,148,320,180,293,320,279,321,248,261,276,279,320,
201,359,359,304,167,281,255,373,391,311,361,344,344,391,149,262,241,391,255,342,391,359,367,304,344,326,359,391,
384,384,246,187,262,287,326,416,256,311,370,370,416,187,294,278,416,262,291,416,384,319,245,370,274,384,416,
181,307,345,294,270,345,187,345,359,129,143,213,345,263,279,177,294,384,214,126,345,345,217,359,250,191,
307,345,294,270,356,247,345,359,175,144,269,345,263,279,192,294,384,177,167,349,345,272,359,295,177,
274,149,189,234,345,177,213,289,289,345,282,293,216,345,189,246,345,307,224,177,289,202,307,345,
245,230,347,378,282,333,329,329,378,113,240,218,378,213,314,378,345,340,274,329,296,345,378,
149,266,333,196,245,276,276,333,256,270,181,333,149,262,333,294,256,196,276,220,294,333,
289,312,230,274,249,249,312,230,239,139,312,143,287,312,270,282,230,249,253,270,312,
378,224,134,329,337,378,354,364,306,378,289,187,378,345,113,234,329,202,345,378,
378,391,204,218,137,378,304,320,177,333,416,274,204,378,378,204,391,185,255,
202,329,329,378,289,300,227,378,202,187,378,345,213,113,329,134,345,378,
344,344,391,340,350,291,391,274,162,391,359,127,213,344,177,359,391,
136,218,329,239,261,204,276,370,209,129,329,329,222,344,256,204,
241,329,239,261,204,276,370,204,129,330,329,245,344,275,204,
378,304,320,203,333,416,290,227,378,378,204,391,177,275,
240,218,378,224,321,378,345,347,282,329,304,345,378,
215,304,239,332,304,263,357,293,280,315,304,304,
320,139,278,320,279,299,218,261,248,279,320,
333,416,223,177,378,378,207,391,241,201,
262,333,294,282,196,276,224,294,333,
416,384,187,187,370,162,384,416,
199,378,378,293,391,316,134,
345,345,231,359,265,177,
224,329,189,345,378,
329,149,345,378,
344,152,278,
359,391,
301,
NOTE = This is a custom city set reduced from AISearchfile175.txt