SIZE = 58,
1340,1861,354,3883,3730,2429,4017,1740,3908,1710,701,1445,273,213,4776,940,942,4222,1288,2182,968,4401,806,4409,5561,3601,1971,2805,1930,1355,2051,984,312,854,1335,479,1258,3875,3935,3221,4050,562,3939,1698,1423,1395,3335,4344,342,1312,708,3033,1700,1525,1798,1756,2131,
658,1356,2667,2527,1770,2985,1081,2864,508,702,602,1668,802,4117,722,170,3008,1118,1093,506,3199,691,3750,4902,2430,772,1610,991,86,856,528,1489,392,243,1059,72,3145,2721,2274,2836,1717,3008,554,391,407,2388,3299,1099,170,577,1434,558,520,662,570,1087,
1959,2089,1863,1609,2223,1442,2493,666,1367,991,2196,1565,3961,1247,668,2355,1511,324,1106,2535,1297,3594,4746,1600,694,1116,908,563,524,1126,2130,1003,660,1577,586,3060,2068,1354,2183,2230,2824,434,523,706,1260,2929,1710,584,996,851,494,750,557,260,716,
4004,3828,2624,4128,1935,4065,1811,606,1493,229,547,4971,855,1352,4320,1200,2293,1016,4503,730,4604,5756,3716,2082,2686,2087,1475,1932,908,300,965,1444,394,1139,4002,4041,3319,4148,262,4092,1802,1638,1505,3433,4501,257,1423,1293,2899,1839,1849,1931,1637,2288,
211,3283,147,3322,1011,2875,3397,3185,4221,3590,5632,3451,2697,366,3600,1876,3134,817,3328,5274,6417,464,2265,1267,2359,2606,1834,3158,4155,3029,2766,3607,2595,4701,135,815,200,4265,1958,2267,2914,2915,931,1451,3736,2793,3120,1337,2563,3043,2623,2339,2162,
3131,343,3173,1172,2535,3236,2860,4065,3434,5480,3110,2537,549,3380,1545,2975,1052,3165,5123,6265,307,1925,936,2211,2354,1684,2995,3999,2866,2529,3547,2444,4549,257,656,372,4099,2109,2204,2392,2575,770,1608,3579,2453,2865,1006,2406,2619,2305,2004,2010,
3417,693,2910,1193,2089,1144,2759,2133,2357,1989,1639,3642,1578,1939,1615,3544,2044,1990,3142,2870,2819,2582,932,1790,2139,1868,2698,1734,1491,2300,1622,1456,3338,2650,3304,2957,2941,2035,1310,1451,2543,3346,2379,1694,1362,2278,1162,1216,1062,1861,1133,
3459,1103,2889,3531,3214,4362,3724,5766,3545,2891,228,3734,1934,3277,681,3462,4875,6553,594,2366,1377,2493,2831,1972,3402,4504,3163,2883,3741,2913,4835,184,925,130,4399,2040,2492,2746,2991,924,1544,3870,2869,3219,1447,2717,2973,2655,2449,2296,
2952,772,1398,455,2070,1444,3045,1298,950,3684,887,2553,926,3586,1353,2688,3830,2906,2128,2624,974,1101,1972,1177,2009,1041,941,1609,1009,2149,3380,2692,3583,2266,2973,1433,894,760,2585,3388,1686,1004,673,2286,1063,696,964,1488,1175,
2470,3493,2732,4243,3616,5259,3430,2770,1171,3365,1994,3066,634,3428,4902,6044,1425,2413,1422,1986,2859,2105,3315,4181,3129,2777,3683,2791,4328,1146,1170,1233,4036,947,2571,2492,2699,1284,446,3816,2700,2889,1446,2314,2495,2213,2742,1789,
1214,394,1733,1407,3860,1096,335,3027,1484,990,1060,3104,1127,3538,4645,2635,1135,1950,490,532,1196,975,2072,846,359,1424,435,2959,2740,2026,2855,2185,2636,856,98,314,2142,2906,1557,287,599,1517,137,194,234,926,693,
959,851,283,4436,189,756,4225,788,2243,482,3906,254,4069,5221,3124,1485,2324,1495,879,1570,432,1494,368,848,224,777,3535,3441,2727,3551,887,3500,1210,1037,909,2841,3929,359,826,758,2532,1214,1039,1311,1275,1716,
1783,1152,3491,841,488,3352,607,1315,705,3366,856,3124,4276,2963,1290,2123,754,688,1369,720,1717,591,329,1169,590,2590,3065,2351,3180,1827,2763,1014,432,287,2465,3168,1236,560,366,2331,498,345,589,1088,955,
435,5106,1090,1580,4557,1438,2510,1306,4739,960,4739,5891,3936,2309,3143,2265,1693,2389,1138,254,1192,1672,629,1596,4505,4270,3556,4385,607,4274,2037,1783,1740,3670,4679,492,1650,837,3351,2038,1863,2134,2094,2466,
4480,489,949,3926,938,1889,675,4108,531,4113,5265,3305,1678,2517,1634,1072,1763,709,413,561,1041,176,970,3579,3639,2925,3754,818,3643,1402,1230,1102,3039,4052,290,1019,478,2725,1407,1232,1511,1468,1839,
4341,3986,5991,3925,4286,3962,5893,4396,1445,785,5217,5166,4929,3289,4137,4708,4215,5045,4091,3843,4648,3969,901,5687,4999,5890,5304,5298,4615,3662,3803,5113,5695,4791,4041,3709,4619,3514,3568,3414,4208,3482,
754,3603,888,1671,364,3786,138,3974,5126,2845,1342,2336,1452,761,1582,124,1232,250,730,347,652,3440,3316,2620,3431,1126,3457,1063,919,791,2736,3866,598,708,640,2098,1096,921,1191,1165,1653,
3162,976,992,502,3209,687,3617,4771,2263,802,1642,880,199,888,517,1514,388,107,967,102,3083,2753,1960,2857,1747,3026,533,217,235,2074,3206,1095,80,523,1543,389,342,497,600,960,
3872,2037,3467,537,3658,5634,6776,799,2417,1428,2718,2846,2176,3487,4491,3359,3021,4020,2936,5060,297,1126,190,4591,2108,2696,2884,3067,1240,1607,4171,2945,3036,1498,2855,3114,2918,2496,2521,
1835,524,3998,945,3558,4720,3399,1755,2627,1383,1143,1989,767,1185,638,842,1216,1046,3024,3585,2871,3846,1471,3392,1470,892,578,2905,3801,943,1096,520,2951,1076,742,1174,1771,1588,
1542,2217,1627,3919,5071,1278,456,801,1238,887,432,1450,2454,1328,984,1901,1021,3385,1750,1061,1865,2654,2922,600,847,1030,1175,2425,2040,908,1546,1394,818,1074,881,554,1030,
3635,374,3595,4747,2878,1231,2057,1109,625,1303,243,1240,114,594,692,524,3061,3180,2466,3295,1350,3093,971,635,439,2580,3502,759,572,274,1974,960,705,1064,1022,1289,
3841,5536,6678,1302,2636,1647,2620,3032,2395,3665,4673,3542,3201,4116,3122,4962,800,1385,693,4774,1571,2804,3064,3333,1273,1070,4249,3125,3487,1681,2948,3129,2846,2676,2423,
4029,5181,3049,1416,2393,1507,810,1646,178,1096,300,1079,474,707,3495,3371,2678,3486,992,3512,1140,968,846,2566,3864,476,757,652,2159,1145,978,1249,1214,1651,
2230,4850,4799,4572,2922,3770,4124,3848,4678,3724,3476,4291,3607,544,5330,4642,5533,4947,4925,4015,3294,3436,4756,5338,4359,3674,3342,4252,3147,3201,3047,3841,3125,
6002,5951,5724,4074,4922,5271,5000,5830,4876,4628,5423,4759,1686,6472,5784,6675,6089,6083,5167,4447,4588,5676,6480,5511,4826,4494,5404,4299,4353,4199,4993,4267,
1658,669,1946,2087,1417,2878,3870,2601,2251,3334,2358,4316,512,367,627,3987,2437,1937,2515,2713,330,1861,3467,2182,2878,739,2266,2691,2166,1737,1743,
1002,1608,618,248,1246,2243,1117,871,1695,700,4265,2130,1441,2245,2353,3937,279,1019,1050,1557,2844,1824,781,1225,1210,1188,1148,1248,257,1282,
1612,1612,754,2083,3082,2094,1841,2693,1542,4038,1141,452,1256,3346,2368,1275,1849,1990,564,1869,2806,1702,2058,259,1748,2020,1811,1252,1461,
983,1438,1332,2199,1202,774,1705,919,2388,2414,1726,2617,2358,2013,1348,607,721,1619,2422,1838,827,875,1350,459,517,359,1174,209,
858,640,1637,511,268,1079,97,3236,2559,1870,2644,1742,3006,339,416,334,1984,3295,1218,169,623,1339,588,543,692,523,1083,
1329,2328,1347,1087,1939,8700,3590,1889,1226,2004,2592,3116,527,1095,2699,1340,2417,1908,948,1304,962,994,1266,1057,498,1238,
1274,129,609,652,536,3314,3200,2486,3310,1177,3336,969,798,670,2600,3751,639,587,519,1189,975,800,1078,1044,1538,
1126,1606,771,1535,4144,4204,3490,4319,760,4208,1967,1795,1882,3604,4617,634,1584,1635,2986,1972,1797,2076,2033,2400,
480,578,408,3190,3072,2379,3187,1236,3207,846,669,5410,2267,3565,711,458,390,1860,846,671,950,915,1352,
1153,171,2942,2734,2020,2849,1716,2934,567,148,158,2134,3213,1187,75,354,2049,315,287,419,669,1000,
982,3752,3744,3047,3848,665,3710,1420,1301,1119,2845,4119,137,1036,968,2901,1424,1249,1421,1480,1906,
3073,2649,1954,2764,1645,2936,429,319,337,2068,3227,1115,98,525,1441,486,448,590,498,1015,
4848,4068,4959,4408,4391,3481,2761,2902,4182,4764,3825,3140,2808,3718,2613,2667,2513,3307,2551,
839,125,4306,2083,2409,2597,2780,953,1582,3784,2658,3070,1211,2568,2923,2651,2209,2217,
954,3590,2107,1720,1883,2066,114,1601,3070,1944,2356,522,1854,2235,1917,1524,1529,
4589,2170,2524,2712,2895,1068,1669,3899,2773,3185,1326,2683,2939,2746,2324,2420,
4363,2073,1905,1776,3706,4772,528,1694,1564,3554,2082,2093,2179,2151,2559,
3236,2543,2730,1991,806,3843,2844,2884,2390,2464,2522,2364,3503,2120,
722,771,1834,3004,1553,502,949,1123,889,852,993,184,1145,
276,1997,2928,1381,227,447,2042,184,192,282,783,715,
2182,3135,1248,217,287,1557,451,279,546,835,922,
1715,3184,1844,2470,636,1968,2349,2031,1638,1422,
4252,3136,3325,1882,2750,2931,2649,3178,2225,
1165,1036,2570,1560,1592,1672,1627,2039,
455,1435,411,383,508,844,923,
2266,631,367,728,1023,1112,
1345,1878,1408,1460,1199,
239,112,754,537,
288,946,718,
817,436,
965,
NOTE = 