SIZE = 50,
179,238,261,371,363,97,423,363,350,195,201,367,261,328,330,388,181,191,264,251,351,392,332,261,395,195,83,330,273,365,332,106,423,128,97,199,210,254,256,259,187,266,179,261,254,395,333,395,262,
268,229,403,395,187,455,395,383,131,225,399,207,364,366,420,181,225,209,194,384,424,367,221,427,138,183,366,312,397,367,179,455,191,187,134,243,216,243,203,138,211,76,243,198,427,368,427,207,
342,384,376,238,436,376,364,244,176,380,239,342,345,401,210,164,268,228,365,405,346,239,408,240,240,345,289,378,346,227,436,261,242,242,133,232,233,246,240,306,266,239,266,408,348,408,306,
447,440,266,499,440,427,256,312,444,300,408,410,464,282,312,229,273,428,468,411,309,471,260,262,410,363,441,411,269,499,269,266,258,324,306,324,254,260,175,232,324,232,471,413,471,175,
292,367,217,123,153,411,414,196,448,194,189,145,404,406,450,442,185,155,187,448,165,411,369,189,272,189,187,371,217,365,367,413,378,445,445,447,407,451,403,448,444,165,184,165,449,
359,317,304,309,403,406,343,441,297,307,314,397,399,443,435,336,296,307,441,271,403,361,300,261,338,261,363,339,357,359,405,371,437,438,440,400,443,395,441,436,264,292,314,441,
419,359,345,203,209,364,268,323,326,384,189,194,270,257,346,388,327,268,391,203,83,326,269,361,327,106,419,128,79,206,210,261,262,266,195,271,187,268,261,391,328,391,269,
230,251,463,466,223,500,280,277,184,456,458,502,494,250,178,276,500,184,463,421,277,334,228,276,423,147,417,419,465,430,496,497,499,459,503,455,500,496,195,274,172,501,
134,403,406,178,441,178,174,167,397,399,443,435,166,173,173,441,178,403,361,174,261,171,179,363,230,357,359,405,371,437,438,440,400,443,395,441,436,178,171,178,441,
391,394,171,429,152,145,189,385,387,431,423,159,196,142,429,203,391,348,145,240,163,186,350,251,343,345,393,358,425,426,427,387,431,383,429,424,203,140,203,429,
198,407,190,372,374,428,145,198,194,178,392,432,375,193,435,79,199,374,321,405,375,195,463,207,203,83,216,188,216,187,97,201,128,216,181,435,376,435,201,
411,183,375,377,431,161,123,225,173,395,435,378,183,438,193,205,377,325,408,378,201,466,216,209,195,187,176,177,200,193,272,222,183,222,438,380,438,272,
445,189,181,163,401,403,447,439,141,190,179,445,225,407,365,185,268,90,239,367,223,361,364,409,375,441,442,444,404,447,399,445,440,236,196,172,446,
409,411,466,203,199,207,149,429,469,413,115,472,190,264,411,364,442,413,261,500,270,268,186,248,99,147,180,198,260,206,147,204,472,414,472,260,
118,225,365,367,411,403,177,231,118,409,237,372,326,85,206,181,168,328,280,321,323,374,336,405,406,408,368,412,364,409,405,237,102,237,410,
221,367,369,413,405,162,227,74,411,233,374,328,105,210,177,183,330,277,323,326,376,339,408,408,410,370,414,366,411,407,233,125,233,412,
421,424,467,460,188,129,219,466,179,428,386,221,293,164,219,388,184,382,384,430,396,462,462,464,424,468,420,466,461,190,217,117,466,
161,207,191,385,425,369,203,428,137,185,367,314,398,369,181,456,194,189,141,180,196,197,201,137,235,178,203,195,428,370,428,235,
225,187,387,427,371,199,430,193,193,369,316,400,371,186,458,216,195,195,172,191,193,200,193,272,222,199,222,430,372,430,272,
168,431,471,415,221,474,194,268,413,366,444,415,264,502,273,270,190,252,216,243,129,201,171,209,243,113,474,416,474,171,
423,463,407,168,466,178,254,405,357,436,407,251,494,261,257,175,238,164,193,128,185,223,194,193,165,466,408,466,223,
195,162,429,215,392,348,174,241,136,229,351,250,344,346,394,359,425,426,428,388,432,384,429,425,225,185,201,430,
225,469,145,432,390,227,297,183,225,392,184,386,388,434,399,465,466,468,428,472,424,469,465,163,223,129,470,
413,231,375,329,105,212,175,183,332,276,325,327,377,340,409,409,411,371,415,367,413,408,231,125,231,413,
472,190,264,411,364,442,413,261,500,270,268,191,248,97,126,195,198,269,218,126,218,472,414,472,269,
435,393,233,301,219,231,395,220,389,391,437,402,468,469,471,431,475,427,472,468,104,229,179,473,
199,374,321,405,375,195,463,207,203,83,212,184,212,187,97,205,132,212,181,435,376,435,205,
328,271,363,329,114,421,126,83,203,212,258,259,262,191,269,183,264,257,393,331,393,266,
210,178,172,330,277,323,326,376,339,408,408,410,370,414,366,411,407,233,105,233,412,
263,212,273,334,265,269,324,282,359,360,363,317,366,312,364,359,301,214,301,364,
233,365,228,358,361,407,372,438,439,441,401,445,397,442,438,229,189,176,443,
332,276,325,327,377,340,409,409,411,371,415,367,413,408,231,160,231,413,
423,146,118,199,199,254,256,259,187,266,179,261,254,395,333,395,262,
417,419,465,430,496,497,499,459,503,455,500,496,230,274,172,501,
124,211,234,265,266,269,200,274,191,270,264,389,326,389,271,
206,214,261,262,266,195,271,187,268,261,391,328,391,269,
214,186,214,183,110,203,130,214,177,437,378,437,203,
242,243,246,212,285,240,248,241,402,341,402,285,
131,190,190,266,213,131,213,468,410,468,266,
218,212,285,240,91,240,469,411,469,285,
195,199,203,218,126,471,413,471,199,
205,132,212,189,431,373,431,205,
211,285,175,475,416,475,83,
240,198,427,368,427,207,
240,472,414,472,285,
468,409,468,175,
229,190,473,
229,415,
473,
NOTE = This is a custom city set reduced from AISearchfile535.txt