SIZE = 26,
163,77,95,135,62,91,66,63,65,205,93,93,64,114,34,51,55,62,89,98,54,139,82,68,37,
193,129,158,223,222,206,136,107,220,185,144,140,140,77,161,135,172,160,230,102,179,198,228,50,
74,87,147,165,139,38,109,278,180,87,78,82,29,190,39,135,98,125,100,194,128,185,13,
58,86,119,93,75,90,189,92,88,98,110,39,130,71,31,89,141,82,132,76,70,20,
71,91,54,61,81,196,116,169,100,84,65,51,72,71,84,78,116,109,78,64,26,
124,148,46,68,241,157,93,96,68,63,182,30,130,122,155,93,197,156,160,68,
175,112,89,280,180,80,153,103,54,148,106,156,146,181,85,188,135,172,22,
53,42,250,181,37,102,100,62,121,56,127,86,159,43,155,152,112,73,
62,128,87,46,56,52,93,58,129,27,26,87,49,65,31,26,40,
186,53,91,88,62,42,37,133,40,83,63,139,148,34,87,11,
268,154,178,212,102,197,186,210,190,257,157,127,223,272,51,
113,111,83,90,190,64,148,122,173,94,157,156,147,26,
95,44,35,81,59,63,92,74,151,125,91,75,39,
98,36,130,92,68,99,133,103,111,36,88,18,
59,95,71,66,54,110,70,122,74,62,22,
107,53,34,11,92,11,64,24,34,83,
27,99,107,128,79,181,103,160,9,
20,47,68,64,80,32,96,42,
95,117,76,116,81,117,23,
142,77,100,67,124,11,
61,188,156,152,44,
141,55,74,9,
136,202,93,
127,15,
33,
NOTE = 