SIZE = 48,
510,1836,1114,238,358,1159,2119,630,952,1017,815,669,861,482,610,632,1137,1547,309,1364,760,1943,617,626,1885,1082,626,583,1212,347,443,670,798,739,1650,1049,1315,967,819,837,1022,1033,723,414,516,1225,617,
685,642,1272,572,1335,2147,1524,949,1473,790,290,549,350,1519,809,317,1668,1138,90,721,1724,154,726,1371,358,1461,1722,1553,2410,240,749,506,435,550,402,821,1713,697,920,1092,480,483,345,1720,1316,744,
1579,400,973,552,562,783,271,503,1556,1753,666,279,1094,83,1244,2099,985,443,1007,2428,1727,1341,2172,666,598,1019,1472,2568,360,1038,758,585,2059,2394,1299,582,881,1184,1494,328,451,1698,1430,330,1089,
679,961,1317,2198,642,652,285,235,586,846,604,1163,745,205,1356,972,847,1153,2114,397,1060,1286,706,582,835,2336,1506,915,1149,919,1300,1573,563,754,569,820,565,405,780,1259,1210,1011,1155,397,
231,1061,492,568,795,455,796,1038,273,262,667,1723,467,484,811,751,466,668,704,291,685,966,1023,354,264,2139,1034,240,242,1589,1865,254,660,598,875,392,662,309,547,942,444,1057,559,
1995,2485,355,1763,1796,818,488,579,521,1479,983,1590,1837,1525,229,1552,1785,238,973,1239,924,341,1335,603,2121,426,1692,2072,1152,940,1496,533,653,1252,1291,1374,500,913,1056,702,1690,557,
831,214,1643,863,400,166,541,623,1362,1486,2136,987,1735,216,429,2408,655,1092,1950,712,932,1119,220,1926,986,1129,992,554,1146,440,927,1229,370,1095,838,476,293,645,823,1137,1612,
742,604,959,937,1171,1936,667,1480,1941,1298,999,1809,2203,1438,1938,182,1745,1758,1359,442,1374,1042,1550,1802,1240,2049,1897,1239,1983,2596,801,1427,882,292,1178,664,396,802,1783,1356,
983,985,1123,703,731,812,1511,699,178,371,708,805,1056,2026,1119,700,2385,776,396,792,1508,2043,1104,1157,543,235,1489,511,939,1191,413,862,748,907,862,220,1051,2300,605,
1181,665,732,1255,1698,872,919,445,1260,736,1188,1716,1681,848,1111,2425,424,813,1241,898,2166,1347,1152,1333,1726,826,968,482,1024,326,1087,1760,1441,2085,130,1039,1906,2339,
1009,432,720,1137,699,821,1070,689,831,374,626,1872,455,1079,982,649,676,1023,998,1645,1488,1493,341,197,2237,770,1219,908,1467,879,1604,331,456,902,1207,1749,1399,
918,1280,1213,624,410,257,953,1004,548,767,1197,627,180,2055,1361,921,1326,567,995,155,219,454,1183,1704,1178,1447,651,442,316,641,319,816,1057,1238,1453,290,
463,1282,1144,847,521,1699,1397,123,745,2285,817,390,686,526,661,529,592,2405,622,1098,525,794,768,492,739,1315,580,878,721,883,1058,491,1729,598,607,
217,950,453,115,1492,839,1251,700,1891,916,928,1633,630,216,645,928,1446,481,414,560,803,1644,451,676,558,180,1161,533,1275,543,1463,503,1581,644,
320,1603,528,1453,369,902,976,1021,214,630,2290,1479,674,590,354,1483,803,485,879,420,1240,882,1100,484,384,410,864,939,337,1461,1256,2202,129,
273,1828,1162,1425,546,177,678,697,1025,2165,469,1157,1052,2010,1490,865,891,252,222,229,884,1183,304,400,663,1171,1829,479,2377,1087,2083,999,
259,1829,140,1156,755,1787,815,814,1005,1051,1353,1861,2238,600,725,587,1082,308,727,699,676,182,776,1227,761,435,325,330,792,1036,1272,
387,919,949,344,2117,483,703,1107,608,853,472,738,2699,1320,779,375,781,2108,660,715,1010,743,330,1479,362,410,1306,744,1499,836,
504,925,1393,2182,1727,579,1583,1845,1398,1925,875,1157,863,2089,1250,1402,443,1434,1200,1972,833,1148,1969,1568,371,668,617,1466,636,
235,361,2367,1780,930,2445,623,486,1972,1835,534,411,454,690,609,1500,1761,879,951,1338,96,957,594,388,1008,1291,1446,866,
516,959,459,596,1836,443,1176,238,923,1688,1204,613,641,1283,1717,681,701,504,1125,1124,1631,343,1214,495,959,346,999,
1369,251,581,1849,504,917,1617,2044,2571,165,894,369,1369,2151,1457,947,1185,227,1769,1097,316,780,695,507,357,538,
1972,2734,2493,1737,678,145,1475,1184,2455,2101,1975,1395,1030,2380,1506,1114,2138,1867,973,1467,1376,2082,1359,2333,701,
525,2156,1029,550,325,1326,1858,340,902,1169,470,1796,499,1032,473,161,1023,1560,1309,943,665,882,1456,197,
1497,939,548,981,739,1802,435,721,334,588,1166,1551,1605,1198,1501,334,1905,90,813,296,949,1499,803,
2540,945,2063,177,2013,1475,825,1759,2115,1888,2708,1969,1427,1969,2439,2066,947,1985,1576,1252,1304,2412,
236,1673,303,967,1131,318,1222,983,1744,680,833,547,355,827,1815,312,1086,490,1105,872,669,
917,604,930,231,1163,352,1231,335,1531,1266,972,361,515,853,741,591,1327,552,588,1560,
796,2264,1000,851,393,476,2139,267,225,1640,1580,1358,652,107,869,426,849,1280,937,
781,641,1021,194,1187,1718,268,1038,2281,519,861,514,1828,1403,138,1600,595,2435,
1949,1963,1584,2594,1176,1429,2374,2523,653,1986,2301,940,2091,904,896,2300,1744,
428,594,739,1287,100,1169,263,763,807,713,826,1143,510,189,887,1264,
1251,1173,2179,587,936,1073,578,453,646,1038,740,429,1110,1607,757,
1421,1898,1304,1580,406,740,1212,1420,726,524,2237,1148,1049,335,
1752,618,1286,551,173,358,1210,311,552,774,631,1794,1199,
1019,1890,1908,290,2520,1508,1709,969,2266,1961,2204,1614,
940,1539,1226,1370,632,1254,478,996,1584,1508,820,
892,1114,567,570,483,325,1621,999,586,1105,
1878,1654,1081,818,723,457,828,1263,1049,
1474,2421,803,847,776,1507,1982,1473,
482,269,649,905,1204,1017,1094,
188,260,609,1122,1592,1018,
915,642,252,1857,188,
428,882,663,690,
882,356,1903,
1776,1235,
2145,
NOTE = 