SIZE = 100,
279,266,189,125,300,266,256,279,241,154,211,218,320,248,304,128,274,320,261,138,241,278,279,279,224,218,189,149,311,320,234,296,261,261,320,218,207,99,320,149,278,320,279,304,224,261,256,279,320,261,170,261,154,198,220,167,320,320,177,279,241,261,320,282,279,288,278,261,241,283,320,320,200,289,264,241,319,320,241,279,218,232,319,213,194,320,326,134,223,218,261,166,172,218,296,264,248,274,172,
345,316,294,165,294,294,256,359,307,307,345,303,263,279,284,279,310,191,288,359,384,279,319,307,345,294,270,345,222,345,359,283,299,197,345,327,279,273,294,384,338,289,345,345,193,359,152,324,137,271,261,307,321,245,301,295,280,307,309,359,222,177,279,181,236,384,207,359,279,177,264,236,345,240,359,352,177,359,241,345,236,359,294,307,177,206,286,337,345,159,241,284,345,279,129,240,359,305,
311,256,345,196,196,345,296,245,179,319,378,240,218,278,218,378,329,283,333,282,345,345,177,304,202,234,189,378,149,167,329,329,378,311,322,259,378,234,187,378,345,177,167,329,127,345,378,329,266,329,243,316,300,296,378,378,213,345,177,329,378,218,345,266,234,329,326,218,378,378,266,149,263,189,202,378,224,345,213,266,202,196,198,378,378,282,333,234,329,263,218,289,218,329,263,127,300,
202,343,311,304,227,289,220,273,272,277,299,347,187,319,277,270,179,289,320,227,227,282,272,256,224,354,277,289,340,202,202,277,272,150,198,277,224,321,277,227,347,282,269,304,293,277,300,189,203,220,220,220,202,277,277,245,227,289,243,311,326,276,332,320,257,289,327,340,277,264,333,310,289,361,282,289,227,272,288,361,274,259,289,367,179,202,272,290,224,240,272,340,310,299,319,150,
294,256,245,294,220,121,199,213,333,238,296,141,266,333,276,154,234,262,294,294,213,196,177,143,304,333,224,289,276,276,333,202,218,125,333,134,269,333,294,296,213,276,245,294,333,276,193,276,121,209,241,177,333,333,167,294,220,276,333,274,294,280,262,276,223,275,333,333,193,282,254,220,311,333,220,294,196,222,311,202,181,333,333,149,234,196,276,189,159,196,289,276,238,266,183,
294,294,288,359,307,307,350,330,263,279,311,279,337,234,317,364,384,308,346,307,345,294,278,345,263,345,359,312,327,240,345,354,295,301,294,384,365,318,345,345,236,359,202,351,189,300,292,307,348,280,329,323,309,307,336,359,263,177,279,225,236,384,249,359,279,177,294,241,345,240,359,352,218,359,278,345,236,359,294,307,207,177,315,364,345,206,278,284,345,279,174,240,359,333,
113,294,296,245,179,319,333,162,177,278,125,333,276,283,333,282,294,314,167,304,202,234,196,333,196,220,278,294,333,311,322,259,333,234,262,334,294,196,196,276,220,294,333,276,266,276,243,316,241,296,333,333,213,304,220,276,333,134,294,193,262,276,326,136,333,333,193,196,189,220,208,333,224,294,213,193,220,177,198,333,333,282,333,234,276,234,218,289,167,276,189,220,300,
294,289,234,169,311,333,162,189,270,134,333,276,276,326,274,294,307,149,296,189,224,202,333,196,220,276,286,333,304,315,248,333,224,262,333,294,196,196,276,220,294,333,276,256,276,233,309,241,289,333,333,202,297,220,276,333,149,294,193,262,276,319,152,333,333,193,196,189,220,213,333,220,294,202,193,220,167,185,333,333,274,326,224,276,224,207,282,177,276,189,220,293,
359,307,307,345,187,263,292,284,279,199,187,279,359,384,143,213,307,345,294,270,345,177,345,359,152,180,181,345,263,279,177,294,384,243,167,345,345,185,359,222,222,232,236,129,307,307,187,294,177,177,307,198,359,153,249,279,198,275,384,172,359,279,284,177,236,345,247,359,352,206,359,126,345,236,359,294,307,217,314,279,294,345,218,240,284,345,284,247,240,359,263,
202,253,149,391,284,333,234,304,391,344,241,177,162,359,359,266,127,234,253,340,391,274,326,344,344,391,134,262,241,391,220,306,391,359,333,266,344,289,359,391,344,283,344,202,202,316,220,391,391,224,359,256,344,391,311,359,318,202,344,167,312,391,391,283,319,295,245,347,391,213,359,224,283,347,256,238,391,391,241,220,202,344,280,234,127,326,344,284,304,262,
187,223,345,227,289,158,256,345,289,170,245,246,307,307,202,202,167,170,296,345,213,282,289,289,345,213,229,154,345,121,259,345,307,289,202,289,234,307,345,289,211,289,70,220,258,189,345,345,149,307,202,289,345,266,307,273,246,289,234,268,345,345,211,274,243,202,304,345,202,307,177,211,304,189,170,345,345,167,245,177,289,208,141,177,282,289,227,256,196,
280,345,181,236,227,192,345,289,235,295,246,307,307,121,264,132,175,247,345,177,226,289,289,345,273,284,203,345,175,246,345,307,236,177,289,202,307,345,289,211,289,185,278,258,253,345,345,146,307,202,289,345,204,307,213,246,289,287,205,345,345,211,215,208,202,258,345,202,307,177,211,258,121,128,345,345,232,295,177,289,208,155,243,226,289,208,202,259,
378,306,354,211,326,378,329,218,134,187,345,345,289,134,266,234,361,378,296,347,329,329,378,113,240,218,378,234,328,378,345,354,289,329,311,345,378,329,266,329,225,177,300,196,378,378,255,345,281,329,378,333,345,339,234,329,127,334,378,378,273,340,318,274,367,378,245,345,255,295,367,281,269,378,378,218,196,234,329,263,250,167,347,329,306,326,240,
304,334,324,320,113,252,320,391,416,177,177,345,378,333,312,378,224,378,391,204,204,247,378,304,320,167,333,416,177,177,378,378,250,391,279,149,286,284,204,345,345,246,333,113,149,345,177,391,224,298,320,261,319,416,238,391,320,327,177,284,378,296,391,385,268,391,203,378,284,391,333,345,275,355,320,333,378,276,286,324,378,327,296,286,391,304,
198,264,143,304,239,271,321,294,263,302,181,291,181,216,240,304,240,262,265,282,304,299,310,241,304,216,294,322,272,240,240,239,262,263,308,239,248,239,226,304,220,284,304,304,194,292,262,239,304,162,263,172,294,239,314,164,304,304,172,240,128,262,251,304,262,263,240,132,262,162,181,304,304,269,321,240,239,216,200,277,185,239,128,262,288,
315,167,341,261,321,367,319,312,349,224,340,256,282,218,320,218,241,315,330,320,347,357,299,320,282,278,368,321,218,224,261,241,279,355,261,304,295,288,351,284,333,327,320,266,340,241,268,320,149,279,170,282,261,361,147,320,320,247,218,179,245,229,320,274,282,266,215,241,234,252,320,320,319,367,282,261,282,270,326,113,261,198,241,336,
285,324,266,103,234,273,284,284,240,211,207,172,322,324,250,308,266,266,324,211,189,137,324,172,288,324,284,315,240,266,270,284,324,266,177,266,161,179,227,141,324,324,196,284,234,266,324,293,284,299,273,266,234,294,324,324,216,300,277,234,329,324,234,284,211,248,329,229,211,324,336,92,207,211,266,174,189,211,308,276,264,285,149,
320,261,291,340,289,282,321,177,311,213,245,218,320,218,241,285,301,320,319,329,269,320,245,278,341,292,218,218,261,241,279,327,261,274,265,254,323,249,304,320,320,224,312,241,261,320,113,279,170,278,261,333,118,320,320,203,218,166,241,229,320,241,279,224,170,241,189,209,320,320,289,340,245,261,245,229,296,149,261,166,241,308,
262,320,391,416,177,177,345,378,333,312,378,234,378,391,204,204,257,378,304,320,177,333,416,167,177,378,378,261,391,286,134,294,284,204,345,345,246,333,134,167,345,177,391,234,305,320,270,326,416,248,391,321,334,189,284,378,304,391,385,275,391,214,378,284,391,333,345,283,362,320,333,378,284,286,324,378,334,304,293,391,304,
261,344,370,218,273,289,329,276,249,329,204,329,344,224,246,204,329,281,261,209,276,370,294,232,329,329,71,344,150,279,167,211,194,289,289,175,276,241,220,289,261,344,143,204,261,129,217,370,126,344,261,229,204,211,329,215,344,336,204,344,172,329,211,344,276,289,204,270,261,293,329,143,215,266,329,261,181,215,344,255,
241,278,279,279,248,218,216,180,328,320,258,313,261,261,320,218,179,148,320,180,293,320,279,321,248,261,276,279,320,272,170,261,171,171,220,131,320,320,205,279,241,261,320,298,279,305,278,261,241,299,320,320,225,306,282,241,335,320,241,279,218,257,335,237,219,320,342,81,198,218,261,180,199,218,313,282,271,291,137,
201,359,359,304,167,281,255,373,391,311,361,344,344,391,149,262,241,391,255,342,391,359,367,304,344,326,359,391,344,283,344,246,202,316,220,391,391,274,359,296,344,391,347,359,353,255,344,113,348,391,391,288,354,332,289,379,391,266,359,274,310,379,296,284,391,391,241,220,255,344,280,270,189,361,344,321,340,262,
384,384,246,187,262,287,326,416,256,311,370,370,416,187,294,278,416,262,291,416,384,319,245,370,274,384,416,370,314,370,246,246,345,262,416,416,246,384,234,370,416,296,384,314,177,370,189,297,416,416,314,304,312,224,333,416,189,384,202,314,333,262,246,416,416,278,262,187,370,312,273,187,311,370,312,289,294,
181,307,345,294,270,345,187,345,359,129,143,213,345,263,279,177,294,384,214,126,345,345,217,359,250,191,261,236,137,307,307,187,294,177,177,307,167,359,187,274,289,227,295,384,203,359,290,304,177,236,345,273,359,352,234,359,167,345,243,359,294,307,245,333,279,294,345,247,240,284,345,304,273,259,359,263,
307,345,294,270,356,247,345,359,175,144,269,345,263,279,192,294,384,177,167,349,345,272,359,295,177,303,236,207,307,307,224,294,177,179,307,126,359,247,314,328,279,334,384,261,359,329,342,204,268,345,313,359,363,284,359,227,345,290,363,294,307,292,369,279,294,345,293,240,284,345,342,313,302,359,263,
274,149,189,234,345,177,213,289,289,345,282,293,216,345,189,246,345,307,224,177,289,202,307,345,289,224,289,200,286,258,266,345,345,167,307,202,289,345,189,307,211,246,289,296,191,345,345,211,202,208,202,245,345,202,307,177,211,245,121,143,345,345,245,304,189,289,208,172,256,213,289,208,202,270,
245,230,347,378,282,333,329,329,378,113,240,218,378,213,314,378,345,340,274,329,296,345,378,329,266,329,203,177,300,196,378,378,234,345,266,329,378,319,345,325,213,329,149,320,378,378,266,326,303,256,354,378,224,345,234,280,354,266,248,378,378,218,196,213,329,263,229,134,333,329,291,311,240,
149,266,333,196,245,276,276,333,256,270,181,333,149,262,333,294,256,196,276,220,294,333,276,193,276,165,263,241,234,333,333,121,294,220,276,333,224,294,232,262,276,274,225,333,333,193,234,200,220,274,333,220,294,196,193,274,134,121,333,333,213,281,196,276,189,128,224,245,276,189,220,240,
289,312,230,274,249,249,312,230,239,139,312,143,287,312,270,282,230,249,253,270,312,249,154,249,170,231,208,202,312,312,170,270,253,249,312,256,270,264,287,249,253,257,312,312,165,266,232,253,296,312,253,270,230,200,296,177,170,312,312,177,255,230,249,147,128,230,274,249,216,253,207,
378,224,134,329,337,378,354,364,306,378,289,187,378,345,113,234,329,202,345,378,329,311,329,295,358,300,340,378,378,274,347,245,329,378,218,345,266,289,329,367,218,378,378,266,149,263,256,113,378,282,345,274,266,127,245,263,378,378,326,373,289,329,289,278,333,218,329,263,177,343,
378,391,204,218,137,378,304,320,177,333,416,274,204,378,378,204,391,185,255,204,284,204,345,345,246,333,213,189,345,233,391,204,215,320,177,284,416,204,391,320,257,167,284,378,286,391,385,169,391,177,378,284,391,333,345,179,290,320,333,378,204,286,324,378,320,213,286,391,304,
202,329,329,378,289,300,227,378,202,187,378,345,213,113,329,134,345,378,329,266,329,211,294,300,274,378,378,177,345,134,329,378,218,345,266,202,329,304,218,378,378,266,189,263,149,234,378,189,345,177,266,234,196,177,378,378,256,311,202,329,263,211,266,218,329,263,167,278,
344,344,391,340,350,291,391,274,162,391,359,127,213,344,177,359,391,344,296,344,281,344,316,326,391,391,256,359,224,344,391,241,359,283,274,344,354,241,391,391,283,127,280,234,149,391,266,359,256,283,149,224,241,391,391,311,361,274,344,280,261,319,241,344,280,149,329,
136,218,329,239,261,204,276,370,209,129,329,329,222,344,256,204,266,211,143,289,289,169,276,204,204,289,158,344,194,278,293,232,299,370,209,344,294,308,204,217,329,277,344,336,240,344,172,329,249,344,276,289,250,336,261,276,329,252,215,266,329,308,277,265,344,239,
241,329,239,261,204,276,370,204,129,330,329,245,344,275,204,283,211,175,289,289,193,276,204,204,289,129,344,218,294,309,255,315,370,232,344,310,323,204,240,329,293,344,344,263,344,197,329,270,344,276,289,272,351,261,276,329,273,215,266,329,323,293,282,344,239,
378,304,320,203,333,416,290,227,378,378,204,391,177,275,204,284,204,345,345,246,333,236,215,345,256,391,204,189,320,177,284,416,204,391,320,234,191,284,378,286,391,385,134,391,177,378,284,391,333,345,149,274,320,333,378,204,286,324,378,320,204,286,391,304,
240,218,378,224,321,378,345,347,282,329,304,345,378,329,266,329,214,177,300,196,378,378,245,345,274,329,378,326,345,332,224,329,134,327,378,378,266,333,310,266,361,378,234,345,245,288,361,274,259,378,378,218,196,224,329,263,240,149,340,329,299,319,240,
215,304,239,332,304,263,357,293,280,315,304,304,311,207,239,230,181,236,162,304,304,261,263,285,259,322,336,288,342,294,271,262,337,350,304,277,343,321,278,370,304,262,263,261,299,370,285,273,304,376,183,162,240,301,239,255,240,350,321,310,329,149,
320,139,278,320,279,299,218,261,248,279,320,261,170,261,154,205,220,174,320,320,170,279,241,261,320,277,279,283,278,261,241,278,320,320,191,284,257,241,314,320,241,279,218,225,314,205,185,320,321,143,231,218,261,166,165,218,291,261,241,269,179,
333,416,223,177,378,378,207,391,241,201,252,284,204,345,345,246,333,149,113,345,177,391,204,268,320,218,289,416,204,391,320,298,113,284,378,286,391,385,225,391,177,378,284,391,333,345,236,327,320,333,378,238,286,324,378,320,266,286,391,304,
262,333,294,282,196,276,224,294,333,276,193,276,121,231,241,202,333,333,134,294,220,276,333,256,294,264,262,276,245,257,333,333,193,266,232,220,296,333,220,294,196,200,296,177,155,333,333,177,255,196,276,189,128,196,274,276,216,245,207,
416,384,187,187,370,162,384,416,370,314,370,258,326,345,306,416,416,246,384,194,370,416,278,384,314,248,370,335,278,416,416,314,187,312,205,185,416,238,384,227,314,185,262,246,416,416,291,342,248,370,312,273,299,278,370,312,162,310,
199,378,378,293,391,316,134,323,284,237,345,345,254,333,189,213,345,177,391,274,334,348,300,354,416,284,391,349,362,234,289,378,333,391,385,305,391,257,378,311,391,333,345,313,387,320,333,378,314,286,324,378,362,333,322,391,304,
345,345,231,359,265,177,273,236,158,307,307,187,294,177,177,307,143,359,204,284,299,241,305,384,218,359,300,314,177,236,345,283,359,352,249,359,181,345,257,359,294,307,259,342,279,294,345,261,240,284,345,314,283,272,359,263,
224,329,189,345,378,329,304,329,288,351,300,333,378,378,266,345,234,329,378,218,345,266,282,329,361,218,378,378,266,134,263,245,134,378,274,345,266,266,134,234,252,378,378,319,367,282,329,282,270,326,218,329,263,167,336,
329,149,345,378,329,266,329,200,286,300,266,378,378,177,345,127,329,378,218,345,266,189,329,296,218,378,378,266,202,263,134,245,378,177,345,167,266,245,196,177,378,378,245,304,189,329,263,211,256,218,329,263,177,270,
344,152,278,169,211,192,289,289,174,276,240,218,289,259,344,141,204,261,129,218,370,120,344,261,231,204,211,329,215,344,336,204,344,171,329,211,344,276,289,204,272,261,291,329,146,215,266,329,261,182,215,344,254,
359,391,344,283,344,233,309,316,289,391,391,202,359,167,344,391,241,359,283,224,344,319,241,391,391,283,167,280,177,213,391,213,359,202,283,213,220,202,391,391,274,326,224,344,280,234,282,241,344,280,134,293,
301,129,240,227,307,307,211,294,272,252,307,285,359,185,177,279,137,236,384,171,359,279,196,231,236,345,240,359,352,177,359,207,345,236,359,294,307,177,240,279,315,345,129,240,284,345,279,138,240,359,282,
309,284,216,345,345,246,333,167,189,345,177,391,255,320,334,285,340,416,269,391,335,348,213,284,378,319,391,385,290,391,236,378,296,391,333,345,298,374,320,333,378,299,286,324,378,348,319,308,391,304,
250,238,289,305,222,285,279,262,289,293,344,197,204,261,152,211,370,181,344,261,204,241,211,329,215,344,336,204,344,218,329,211,344,276,289,204,229,270,322,329,126,218,266,329,261,126,215,344,289,
211,211,211,166,193,284,284,211,236,283,211,284,282,236,288,314,211,283,283,296,284,200,289,264,283,319,284,283,236,266,232,319,213,211,284,326,170,223,266,236,149,177,266,296,264,248,283,172,
289,289,160,276,204,204,289,191,344,162,254,273,203,279,370,177,344,274,288,204,211,329,252,344,336,211,344,132,329,220,344,276,289,222,318,261,276,329,224,215,266,329,288,252,236,344,239,
221,258,191,345,345,147,307,202,289,345,265,307,272,246,289,236,266,345,345,211,273,242,202,303,345,202,307,177,211,303,187,169,345,345,168,246,177,289,208,140,178,281,289,226,254,197,
258,143,345,345,252,307,279,289,345,330,307,336,246,289,202,331,345,345,270,337,315,272,365,345,241,307,252,293,365,279,266,345,371,174,139,231,295,231,247,177,344,315,304,323,181,
241,246,246,258,209,316,160,246,259,187,268,345,160,316,261,277,246,169,300,236,316,308,246,316,187,300,204,316,241,258,246,307,220,252,300,207,170,227,300,277,236,220,316,203,
333,333,224,294,256,276,333,311,294,318,262,276,220,312,333,333,243,319,295,245,347,333,220,294,224,273,347,256,238,333,354,134,177,202,276,202,218,196,326,295,284,304,162,
134,345,177,391,213,290,320,250,311,416,227,391,320,320,167,284,378,289,391,385,257,391,191,378,284,391,333,345,268,348,320,333,378,269,286,324,378,320,289,286,391,304,
345,177,391,204,275,320,229,296,416,205,391,320,305,134,284,378,286,391,385,236,391,177,378,284,391,333,345,247,334,320,333,378,248,286,324,378,320,274,286,391,304,
307,202,289,345,234,307,243,246,289,266,236,345,345,211,245,211,202,282,345,202,307,177,211,282,149,126,345,345,202,274,177,289,208,140,213,256,289,208,224,229,
359,233,304,319,269,325,384,247,359,320,333,187,254,345,303,359,354,274,359,213,345,280,359,294,307,282,361,279,294,345,283,240,284,345,333,303,292,359,263,
344,391,241,359,283,177,344,289,241,391,391,283,213,280,113,256,391,167,359,149,283,256,220,202,391,391,241,296,177,344,280,234,245,241,344,280,189,262,
215,261,158,245,370,126,344,261,257,204,211,329,215,344,336,204,344,132,329,211,344,276,289,204,290,261,276,329,180,215,266,329,261,213,215,344,239,
320,177,284,416,204,391,320,167,257,284,378,286,391,385,167,391,234,378,284,391,333,345,149,213,320,333,378,204,286,324,378,320,204,286,391,304,
279,170,278,261,340,70,320,320,215,218,166,241,229,320,245,279,234,179,241,202,220,320,320,296,347,256,261,256,240,304,134,261,166,241,315,
236,384,137,359,279,220,207,236,345,240,359,352,177,359,181,345,236,359,294,307,177,263,279,299,345,132,240,284,345,279,172,240,359,264,
314,231,346,170,284,284,224,266,149,283,274,284,283,265,266,189,283,211,229,284,284,303,353,266,211,264,248,310,170,211,172,283,321,
370,245,278,416,416,314,266,312,167,296,416,162,384,187,314,296,262,246,416,416,278,262,187,370,312,273,189,278,370,312,245,294,
344,261,243,204,211,329,215,344,336,204,344,152,329,211,344,276,289,204,280,261,283,329,167,215,266,329,261,198,215,344,241,
341,391,391,283,347,325,281,373,391,255,359,266,303,373,289,277,391,391,241,220,245,344,280,261,177,354,344,314,333,262,
320,320,216,218,166,241,229,320,246,279,236,180,241,203,221,320,320,297,348,257,261,257,241,305,133,261,166,241,316,
290,284,378,286,391,385,213,391,274,378,284,391,333,345,202,167,320,361,378,204,286,324,378,320,204,286,391,329,
284,378,286,391,385,215,391,177,378,284,391,333,345,225,320,320,333,378,227,286,324,378,320,255,286,391,304,
266,189,283,274,284,283,236,266,149,283,193,211,284,284,222,288,266,211,165,177,266,236,211,172,283,248,
263,224,167,378,256,345,245,266,167,213,231,378,378,304,354,266,329,266,250,311,218,329,263,134,322,
280,271,286,280,240,263,149,280,189,208,286,286,280,332,263,215,232,216,288,169,215,128,280,299,
266,391,149,359,134,283,266,220,202,391,391,241,289,167,344,280,234,234,241,344,280,202,262,
385,289,352,282,274,111,256,272,385,385,333,379,296,336,296,285,340,229,336,271,189,350,
391,189,378,284,391,333,345,113,256,320,333,378,204,286,324,378,320,204,286,391,304,
359,127,283,289,220,202,391,391,241,266,127,344,280,234,202,266,344,280,234,262,
345,236,359,294,307,202,304,279,294,345,203,240,284,345,279,232,240,359,263,
266,282,196,177,378,378,218,274,134,329,263,211,213,256,329,263,224,240,
283,193,211,284,284,254,310,266,211,200,181,266,203,211,128,283,277,
256,272,391,391,333,379,296,344,296,285,340,241,344,280,189,350,
130,333,333,234,296,196,276,189,158,245,224,276,189,220,261,
345,345,216,284,177,289,208,140,227,241,289,208,209,243,
245,320,333,378,204,286,324,378,320,204,286,391,304,
340,386,378,243,304,324,378,320,215,286,391,357,
201,218,261,177,196,218,311,280,269,289,141,
255,312,255,270,196,361,331,321,340,172,
329,263,211,189,274,329,263,245,240,
215,266,329,261,143,215,344,279,
174,263,274,232,216,280,207,
211,261,266,200,234,224,
319,329,277,296,240,
261,185,241,329,
215,344,299,
280,288,
308,
NOTE = This is a custom city set reduced from AISearchfile175.txt